[16:09:45.279]收←◆10 02 00 50 11 00 01 00 05 00 38 00 67 01 00 01 20 20 20 20 00 00 00 00 00 08 00 00 00 00 00 00 00 00 00 00 00 08 84 D7 00 74 39 C0 05 47 02 27 66 00 00 00 06 02 FF FF 02 3C 09 00 20 03 2D 00 03 08 84 D7 00 91 9F 12 25 15 01 00 01 00 00 01 00 D8 DF 16 10 03 
[16:09:46.279]收←◆10 02 00 50 11 00 01 00 05 00 38 00 67 01 00 01 20 20 20 20 00 00 00 00 00 08 00 00 00 00 00 00 00 00 00 00 00 08 84 D7 00 74 39 C0 05 48 02 27 66 00 00 00 06 02 FF FF 02 3C 09 00 20 03 2D 00 03 08 84 D7 00 91 9F 12 25 15 01 00 01 00 00 01 00 81 2B C6 10 03 
[16:09:47.278]收←◆10 02 00 50 11 00 01 00 05 00 38 00 67 01 00 01 20 20 20 20 00 00 00 00 00 08 00 00 00 00 00 00 00 00 00 00 00 08 84 D7 00 74 39 C0 05 49 02 27 66 00 00 00 06 02 FF FF 02 3C 09 00 20 03 2D 00 03 08 84 D7 00 91 9F 12 25 15 01 00 01 00 00 01 00 29 EB 6F 10 03 
[16:09:48.279]收←◆10 02 00 50 11 00 01 00 05 00 38 00 67 01 00 01 20 20 20 20 00 00 00 00 00 08 00 00 00 00 00 00 00 00 00 00 00 08 84 D7 00 74 39 C0 05 4A 02 27 66 00 00 00 06 02 FF FF 02 3C 09 00 20 03 2D 00 03 08 84 D7 00 91 9F 12 25 15 01 00 01 00 00 01 00 D0 99 A5 10 03 
[16:09:49.279]收←◆10 02 00 50 11 00 01 00 05 00 38 00 67 01 00 01 20 20 20 20 00 00 00 00 00 08 00 00 00 00 00 00 00 00 00 00 00 08 84 D7 00 74 39 C0 05 4B 02 27 66 00 00 00 06 02 FF FF 02 3C 09 00 20 03 2D 00 03 08 84 D7 00 91 9F 12 25 15 01 00 01 00 00 01 00 76 B8 C2 10 03 
[16:09:50.278]收←◆10 02 00 50 11 00 01 00 05 00 38 00 67 01 00 01 20 20 20 20 00 00 00 00 00 08 00 00 00 00 00 00 00 00 00 00 00 08 84 D7 00 74 39 C0 05 4C 02 27 66 00 00 00 06 02 FF FF 02 3C 09 00 20 03 2D 00 03 08 84 D7 00 91 9F 12 25 15 01 00 01 00 00 01 00 1B E8 7A 10 03 
[16:09:51.279]收←◆10 02 00 50 11 00 01 00 05 00 38 00 67 01 00 01 20 20 20 20 00 00 00 00 00 08 00 00 00 00 00 00 00 00 00 00 00 08 84 D7 00 74 39 C0 05 4D 02 27 66 00 00 00 06 02 FF FF 02 3C 09 00 20 03 2D 00 03 08 84 D7 00 91 9F 12 25 15 01 00 01 00 00 01 00 BF E9 5F 10 03 
[16:09:52.279]收←◆10 02 00 50 11 00 01 00 05 00 38 00 67 01 00 01 20 20 20 20 00 00 00 00 00 08 00 00 00 00 00 00 00 00 00 00 00 08 84 D7 00 74 39 C0 05 4E 02 27 66 00 00 00 06 02 FF FF 02 3C 09 00 20 03 2D 00 03 08 84 D7 00 91 9F 12 25 15 01 00 01 00 00 01 00 62 FF 73 10 03 
[16:09:53.278]收←◆10 02 00 50 11 00 01 00 05 00 38 00 67 01 00 01 20 20 20 20 00 00 00 00 00 08 00 00 00 00 00 00 00 00 00 00 00 08 84 D7 00 74 39 C0 05 4F 02 27 66 00 00 00 06 02 FF FF 02 3C 09 00 20 03 2D 00 03 08 84 D7 00 91 9F 12 25 15 01 00 01 00 00 01 00 04 07 58 10 03 
[16:09:54.279]收←◆10 02 00 50 11 00 01 00 05 00 38 00 67 01 00 01 20 20 20 20 00 00 00 00 00 08 00 00 00 00 00 00 00 00 00 00 00 08 84 D7 00 74 39 C0 05 50 02 27 66 00 00 00 06 02 FF FF 02 3C 09 00 20 03 2D 00 03 08 84 D7 00 91 9F 12 25 15 01 00 01 00 00 01 00 A5 28 C0 10 03 
[16:09:55.279]收←◆10 02 00 50 11 00 01 00 05 00 38 00 67 01 00 01 20 20 20 20 00 00 00 00 00 08 00 00 00 00 00 00 00 00 00 00 00 08 84 D7 00 74 39 C0 05 51 02 27 66 00 00 00 06 02 FF FF 02 3C 09 00 20 03 2D 00 03 08 84 D7 00 91 9F 12 25 15 01 00 01 00 00 01 00 45 21 A5 10 03 
[16:09:56.278]收←◆10 02 00 50 11 00 01 00 05 00 38 00 67 01 00 01 20 20 20 20 00 00 00 00 00 08 00 00 00 00 00 00 00 00 00 00 00 08 84 D7 00 74 39 C0 05 52 02 27 66 00 00 00 06 02 FF FF 02 3C 09 00 20 03 2D 00 03 08 84 D7 00 91 9F 12 25 15 01 00 01 00 00 01 00 E4 88 92 10 03 
[16:09:57.279]收←◆10 02 00 50 11 00 01 00 05 00 38 00 67 01 00 01 20 20 20 20 00 00 00 00 00 08 00 00 00 00 00 00 00 00 00 00 00 08 84 D7 00 74 39 C0 05 53 02 27 66 00 00 00 06 02 FF FF 02 3C 09 00 20 03 2D 00 03 08 84 D7 00 91 9F 12 25 15 01 00 01 00 00 01 00 82 70 B9 10 03 
[16:09:58.279]收←◆10 02 00 50 11 00 01 00 05 00 38 00 67 01 00 01 20 20 20 20 00 00 00 00 00 08 00 00 00 00 00 00 00 00 00 00 00 08 84 D7 00 74 39 C0 05 54 02 27 66 00 00 00 06 02 FF FF 02 3C 09 00 20 03 2D 00 03 08 84 D7 00 91 9F 12 25 15 01 00 01 00 00 01 00 1F CF 1E 10 03 
[16:09:59.279]收←◆10 02 00 50 11 00 01 00 05 00 38 00 67 01 00 01 20 20 20 20 00 00 00 00 00 08 00 00 00 00 00 00 00 00 00 00 00 08 84 D7 00 74 39 C0 05 55 02 27 66 00 00 00 06 02 FF FF 02 3C 09 00 20 03 2D 00 03 08 84 D7 00 91 9F 12 25 15 01 00 01 00 00 01 00 BB CE 3B 10 03 
[16:10:00.279]收←◆10 02 00 50 11 00 01 00 05 00 38 00 67 01 00 01 20 20 20 20 00 00 00 00 00 08 00 00 00 00 00 00 00 00 00 00 00 08 84 D7 00 74 39 C0 05 56 02 27 66 00 00 00 06 02 FF FF 02 3C 09 00 20 03 2D 00 03 08 84 D7 00 91 9F 12 25 15 01 00 01 00 00 01 00 56 EE 44 10 03 
[16:10:01.279]收←◆10 02 00 50 11 00 01 00 05 00 38 00 67 01 00 01 20 20 20 20 00 00 00 00 00 08 00 00 00 00 00 00 00 00 00 00 00 08 84 D7 00 74 39 C0 05 57 02 27 66 00 00 00 06 02 FF FF 02 3C 09 00 20 03 2D 00 03 08 84 D7 00 91 9F 12 25 15 01 00 01 00 00 01 00 F0 CF 23 10 03 
[16:10:02.279]收←◆10 02 00 50 11 00 01 00 05 00 38 00 67 01 00 01 20 20 20 20 00 00 00 00 00 08 00 00 00 00 00 00 00 00 00 00 00 08 84 D7 00 74 39 C0 05 58 02 27 66 00 00 00 06 02 FF FF 02 3C 09 00 20 03 2D 00 03 08 84 D7 00 91 9F 12 25 15 01 00 01 00 00 01 00 89 1F 91 10 03 
[16:10:02.675]收←◆10 02 00 20 A0 00 A0 00 01 01 01 00 00 17 04 1B 00 00 00 00 00 00 00 00 01 01 00 00 15 0C 0A 00 2E B7 10 03 
[16:10:03.279]收←◆10 02 00 50 11 00 01 00 05 00 38 00 67 01 00 01 20 20 20 20 00 00 00 00 00 08 00 00 00 00 00 00 00 00 00 00 00 08 84 D7 00 74 39 C0 05 59 02 27 66 00 00 00 06 02 FF FF 02 3C 09 00 20 03 2D 00 03 08 84 D7 00 91 9F 12 25 15 01 00 01 00 00 01 00 21 DF 38 10 03 
[16:10:04.279]收←◆10 02 00 50 11 00 01 00 05 00 38 00 67 01 00 01 20 20 20 20 00 00 00 00 00 08 00 00 00 00 00 00 00 00 00 00 00 08 84 D7 00 74 39 C0 05 5A 02 27 66 00 00 00 06 02 FF FF 02 3C 09 00 20 03 2D 00 03 08 84 D7 00 91 9F 12 25 15 01 00 01 00 00 01 00 B8 C1 54 10 03 
[16:10:05.279]收←◆10 02 00 50 11 00 01 00 05 00 38 00 67 01 00 01 20 20 20 20 00 00 00 00 00 08 00 00 00 00 00 00 00 00 00 00 00 08 84 D7 00 74 39 C0 05 5B 02 27 66 00 00 00 06 02 FF FF 02 3C 09 00 20 03 2D 00 03 08 84 D7 00 91 9F 12 25 15 01 00 01 00 00 01 00 4E BA C6 10 03 
[16:10:06.279]收←◆10 02 00 50 11 00 01 00 05 00 38 00 67 01 00 01 20 20 20 20 00 00 00 00 00 08 00 00 00 00 00 00 00 00 00 00 00 08 84 D7 00 74 39 C0 05 5C 02 27 66 00 00 00 06 02 FF FF 02 3C 09 00 20 03 2D 00 03 08 84 D7 00 91 9F 12 25 15 01 00 01 00 00 01 00 E3 33 32 10 03 
[16:10:07.279]收←◆10 02 00 50 11 00 01 00 05 00 38 00 67 01 00 01 20 20 20 20 00 00 00 00 00 08 00 00 00 00 00 00 00 00 00 00 00 08 84 D7 00 74 39 C0 05 5D 02 27 66 00 00 00 06 02 FF FF 02 3C 09 00 20 03 2D 00 03 08 84 D7 00 91 9F 12 25 15 01 00 01 00 00 01 00 77 04 44 10 03 
[16:10:08.279]收←◆10 02 00 50 11 00 01 00 05 00 38 00 67 01 00 01 20 20 20 20 00 00 00 00 00 08 00 00 00 00 00 00 00 00 00 00 00 08 84 D7 00 74 39 C0 05 5E 02 27 66 00 00 00 06 02 FF FF 02 3C 09 00 20 03 2D 00 03 08 84 D7 00 91 9F 12 25 15 01 00 01 00 00 01 00 0A A7 82 10 03 
[16:10:09.279]收←◆10 02 00 50 11 00 01 00 05 00 38 00 67 01 00 01 20 20 20 20 00 00 00 00 00 08 00 00 00 00 00 00 00 00 00 00 00 08 84 D7 00 74 39 C0 05 5F 02 27 66 00 00 00 06 02 FF FF 02 3C 09 00 20 03 2D 00 03 08 84 D7 00 91 9F 12 25 15 01 00 01 00 00 01 00 9C B0 B6 10 03 
[16:10:10.279]收←◆10 02 00 50 11 00 01 00 05 00 38 00 67 01 00 01 20 20 20 20 00 00 00 00 00 08 00 00 00 00 00 00 00 00 00 00 00 08 84 D7 00 74 39 C0 05 60 02 27 66 00 00 00 06 02 FF FF 02 3C 09 00 20 03 2D 00 03 08 84 D7 00 91 9F 12 25 15 01 00 01 00 00 01 00 2D F7 80 10 03 
[16:10:11.279]收←◆10 02 00 50 11 00 01 00 05 00 38 00 67 01 00 01 20 20 20 20 00 00 00 00 00 08 00 00 00 00 00 00 00 00 00 00 00 08 84 D7 00 74 39 C0 05 61 02 27 66 00 00 00 06 02 FF FF 02 3C 09 00 20 03 2D 00 03 08 84 D7 00 91 9F 12 25 15 01 00 01 00 00 01 00 BD 80 72 10 03 
[16:10:12.279]收←◆10 02 00 50 11 00 01 00 05 00 38 00 67 01 00 01 20 20 20 20 00 00 00 00 00 08 00 00 00 00 00 00 00 00 00 00 00 08 84 D7 00 74 39 C0 05 62 02 27 66 00 00 00 06 02 FF FF 02 3C 09 00 20 03 2D 00 03 08 84 D7 00 91 9F 12 25 15 01 00 01 00 00 01 00 4C 73 B0 10 03 
[16:10:13.279]收←◆10 02 00 50 11 00 01 00 05 00 38 00 67 01 00 01 20 20 20 20 00 00 00 00 00 08 00 00 00 00 00 00 00 00 00 00 00 08 84 D7 00 74 39 C0 05 63 02 27 66 00 00 00 06 02 FF FF 02 3C 09 00 20 03 2D 00 03 08 84 D7 00 91 9F 12 25 15 01 00 01 00 00 01 00 DA 64 84 10 03 
[16:10:14.279]收←◆10 02 00 50 11 00 01 00 05 00 38 00 67 01 00 01 20 20 20 20 00 00 00 00 00 08 00 00 00 00 00 00 00 00 00 00 00 08 84 D7 00 74 39 C0 05 64 02 27 66 00 00 00 06 02 FF FF 02 3C 09 00 20 03 2D 00 03 08 84 D7 00 91 9F 12 25 15 01 00 01 00 00 01 00 67 FF 41 10 03 
[16:10:15.279]收←◆10 02 00 50 11 00 01 00 05 00 38 00 67 01 00 01 20 20 20 20 00 00 00 00 00 08 00 00 00 00 00 00 00 00 00 00 00 08 84 D7 00 74 39 C0 05 65 02 27 66 00 00 00 06 02 FF FF 02 3C 09 00 20 03 2D 00 03 08 84 D7 00 91 9F 12 25 15 01 00 01 00 00 01 00 F3 C8 37 10 03 
[16:10:16.280]收←◆10 02 00 50 11 00 01 00 05 00 38 00 67 01 00 01 20 20 20 20 00 00 00 00 00 08 00 00 00 00 00 00 00 00 00 00 00 08 84 D7 00 74 39 C0 05 66 02 27 66 00 00 00 06 02 FF FF 02 3C 09 00 20 03 2D 00 03 08 84 D7 00 91 9F 12 25 15 01 00 01 00 00 01 00 7E 84 EE 10 03 
[16:10:17.279]收←◆10 02 00 50 11 00 01 00 05 00 38 00 67 01 00 01 20 20 20 20 00 00 00 00 00 08 00 00 00 00 00 00 00 00 00 00 00 08 84 D7 00 74 39 C0 05 67 02 27 66 00 00 00 06 02 FF FF 02 3C 09 00 20 03 2D 00 03 08 84 D7 00 91 9F 12 25 15 01 00 01 00 00 01 00 08 6E F4 10 03 
[16:10:18.279]收←◆10 02 00 50 11 00 01 00 05 00 38 00 67 01 00 01 20 20 20 20 00 00 00 00 00 08 00 00 00 00 00 00 00 00 00 00 00 08 84 D7 00 74 39 C0 05 68 02 27 66 00 00 00 06 02 FF FF 02 3C 09 00 20 03 2D 00 03 08 84 D7 00 91 9F 12 25 15 01 00 01 00 00 01 00 91 43 68 10 03 
[16:10:19.280]收←◆10 02 00 50 11 00 01 00 05 00 38 00 67 01 00 01 20 20 20 20 00 00 00 00 00 08 00 00 00 00 00 00 00 00 00 00 00 08 84 D7 00 74 39 C0 05 69 02 27 66 00 00 00 06 02 FF FF 02 3C 09 00 20 03 2D 00 03 08 84 D7 00 91 9F 12 25 15 01 00 01 00 00 01 00 19 A7 A3 10 03 
[16:10:20.279]收←◆10 02 00 50 11 00 01 00 05 00 38 00 67 01 00 01 20 20 20 20 00 00 00 00 00 08 00 00 00 00 00 00 00 00 00 00 00 08 84 D7 00 74 39 C0 05 6A 02 27 66 00 00 00 06 02 FF FF 02 3C 09 00 20 03 2D 00 03 08 84 D7 00 91 9F 12 25 15 01 00 01 00 00 01 00 A0 9D AD 10 03 
[16:10:21.279]收←◆10 02 00 50 11 00 01 00 05 00 38 00 67 01 00 01 20 20 20 20 00 00 00 00 00 08 00 00 00 00 00 00 00 00 00 00 00 08 84 D7 00 74 39 C0 05 6B 02 27 66 00 00 00 06 02 FF FF 02 3C 09 00 20 03 2D 00 03 08 84 D7 00 91 9F 12 25 15 01 00 01 00 00 01 00 26 98 A8 10 03 
[16:10:22.280]收←◆10 02 00 50 11 00 01 00 05 00 38 00 67 01 00 01 20 20 20 20 00 00 00 00 00 08 00 00 00 00 00 00 00 00 00 00 00 08 84 D7 00 74 39 C0 05 6C 02 27 66 00 00 00 06 02 FF FF 02 3C 09 00 20 03 2D 00 03 08 84 D7 00 91 9F 12 25 15 01 00 01 00 00 01 00 AB 35 3E 10 03 
[16:10:23.279]收←◆10 02 00 50 11 00 01 00 05 00 38 00 67 01 00 01 20 20 20 20 00 00 00 00 00 08 00 00 00 00 00 00 00 00 00 00 00 08 84 D7 00 74 39 C0 05 6D 02 27 66 00 00 00 06 02 FF FF 02 3C 09 00 20 03 2D 00 03 08 84 D7 00 91 9F 12 25 15 01 00 01 00 00 01 00 2F 10 10 79 10 03 
[16:10:24.279]收←◆10 02 00 50 11 00 01 00 05 00 38 00 67 01 00 01 20 20 20 20 00 00 00 00 00 08 00 00 00 00 00 00 00 00 00 00 00 08 84 D7 00 74 39 C0 05 6E 02 27 66 00 00 00 06 02 FF FF 02 3C 09 00 20 03 2D 00 03 08 84 D7 00 91 9F 12 25 15 01 00 01 00 00 01 00 B2 4E 91 10 03 
[16:10:25.280]收←◆10 02 00 50 11 00 01 00 05 00 38 00 67 01 00 01 20 20 20 20 00 00 00 00 00 08 00 00 00 00 00 00 00 00 00 00 00 08 84 D7 00 74 39 C0 05 6F 02 27 66 00 00 00 06 02 FF FF 02 3C 09 00 20 03 2D 00 03 08 84 D7 00 91 9F 12 25 15 01 00 01 00 00 01 00 34 4B 94 10 03 
[16:10:26.279]收←◆10 02 00 50 11 00 01 00 05 00 38 00 67 01 00 01 20 20 20 20 00 00 00 00 00 08 00 00 00 00 00 00 00 00 00 00 00 08 84 D7 00 74 39 C0 05 70 02 27 66 00 00 00 06 02 FF FF 02 3C 09 00 20 03 2D 00 03 08 84 D7 00 91 9F 12 25 15 01 00 01 00 00 01 00 B5 40 6E 10 03 
[16:10:27.279]收←◆10 02 00 50 11 00 01 00 05 00 38 00 67 01 00 01 20 20 20 20 00 00 00 00 00 08 00 00 00 00 00 00 00 00 00 00 00 08 84 D7 00 74 39 C0 05 71 02 27 66 00 00 00 06 02 FF FF 02 3C 09 00 20 03 2D 00 03 08 84 D7 00 91 9F 12 25 15 01 00 01 00 00 01 00 35 25 AD 10 03 
[16:10:28.280]收←◆10 02 00 50 11 00 01 00 05 00 38 00 67 01 00 01 20 20 20 20 00 00 00 00 00 08 00 00 00 00 00 00 00 00 00 00 00 08 84 D7 00 74 39 C0 05 72 02 27 66 00 00 00 06 02 FF FF 02 3C 09 00 20 03 2D 00 03 08 84 D7 00 91 9F 12 25 15 01 00 01 00 00 01 00 B4 A8 F8 10 03 
[16:10:29.279]收←◆10 02 00 50 11 00 01 00 05 00 38 00 67 01 00 01 20 20 20 20 00 00 00 00 00 08 00 00 00 00 00 00 00 00 00 00 00 08 84 D7 00 74 39 C0 05 73 02 27 66 00 00 00 06 02 FF FF 02 3C 09 00 20 03 2D 00 03 08 84 D7 00 91 9F 12 25 15 01 00 01 00 00 01 00 32 AD FD 10 03 
[16:10:30.279]收←◆10 02 00 50 11 00 01 00 05 00 38 00 67 01 00 01 20 20 20 20 00 00 00 00 00 08 00 00 00 00 00 00 00 00 00 00 00 08 84 D7 00 74 39 C0 05 74 02 27 66 00 00 00 06 02 FF FF 02 3C 09 00 20 03 2D 00 03 08 84 D7 00 91 9F 12 25 15 01 00 01 00 00 01 00 AF 12 5A 10 03 
[16:10:31.280]收←◆10 02 00 50 11 00 01 00 05 00 38 00 67 01 00 01 20 20 20 20 00 00 00 00 00 08 00 00 00 00 00 00 00 00 00 00 00 08 84 D7 00 74 39 C0 05 75 02 27 66 00 00 00 06 02 FF FF 02 3C 09 00 20 03 2D 00 03 08 84 D7 00 91 9F 12 25 15 01 00 01 00 00 01 00 2B 37 1D 10 03 
[16:10:32.279]收←◆10 02 00 50 11 00 01 00 05 00 38 00 67 01 00 01 20 20 20 20 00 00 00 00 00 08 00 00 00 00 00 00 00 00 00 00 00 08 84 D7 00 74 39 C0 05 76 02 27 66 00 00 00 06 02 FF FF 02 3C 09 00 20 03 2D 00 03 08 84 D7 00 91 9F 12 25 15 01 00 01 00 00 01 00 A6 7B C4 10 03 
[16:10:33.279]收←◆10 02 00 50 11 00 01 00 05 00 38 00 67 01 00 01 20 20 20 20 00 00 00 00 00 08 00 00 00 00 00 00 00 00 00 00 00 08 84 D7 00 74 39 C0 05 77 02 27 66 00 00 00 06 02 FF FF 02 3C 09 00 20 03 2D 00 03 08 84 D7 00 91 9F 12 25 15 01 00 01 00 00 01 00 20 7E C1 10 03 
[16:10:34.280]收←◆10 02 00 50 11 00 01 00 05 00 38 00 67 01 00 01 20 20 20 20 00 00 00 00 00 08 00 00 00 00 00 00 00 00 00 00 00 08 84 D7 00 74 39 C0 05 78 02 27 66 00 00 00 06 02 FF FF 02 3C 09 00 20 03 2D 00 03 08 84 D7 00 91 9F 12 25 15 01 00 01 00 00 01 00 99 77 3F 10 03 
[16:10:35.279]收←◆10 02 00 50 11 00 01 00 05 00 38 00 67 01 00 01 20 20 20 20 00 00 00 00 00 08 00 00 00 00 00 00 00 00 00 00 00 08 84 D7 00 74 39 C0 05 79 02 27 66 00 00 00 06 02 FF FF 02 3C 09 00 20 03 2D 00 03 08 84 D7 00 91 9F 12 25 15 01 00 01 00 00 01 00 11 93 F4 10 03 
[16:10:36.279]收←◆10 02 00 50 11 00 01 00 05 00 38 00 67 01 00 01 20 20 20 20 00 00 00 00 00 08 00 00 00 00 00 00 00 00 00 00 00 08 84 D7 00 74 39 C0 05 7A 02 27 66 00 00 00 06 02 FF FF 02 3C 09 00 20 03 2D 00 03 08 84 D7 00 91 9F 12 25 15 01 00 01 00 00 01 00 88 8D 98 10 03 
[16:10:37.280]收←◆10 02 00 50 11 00 01 00 05 00 38 00 67 01 00 01 20 20 20 20 00 00 00 00 00 08 00 00 00 00 00 00 00 00 00 00 00 08 84 D7 00 74 39 C0 05 7B 02 27 66 00 00 00 06 02 FF FF 02 3C 09 00 20 03 2D 00 03 08 84 D7 00 91 9F 12 25 15 01 00 01 00 00 01 00 FE 67 82 10 03 
[16:10:38.279]收←◆10 02 00 50 11 00 01 00 05 00 38 00 67 01 00 01 20 20 20 20 00 00 00 00 00 08 00 00 00 00 00 00 00 00 00 00 00 08 84 D7 00 74 39 C0 05 80 02 27 66 00 00 00 06 02 FF FF 02 3C 09 00 20 03 2D 00 03 08 84 D7 00 91 9F 12 25 15 01 00 01 00 00 01 00 6F EA FA 10 03 
[16:10:39.280]收←◆10 02 00 50 11 00 01 00 05 00 38 00 67 01 00 01 20 20 20 20 00 00 00 00 00 08 00 00 00 00 00 00 00 00 00 00 00 08 84 D7 00 74 39 C0 05 81 02 27 66 00 00 00 06 02 FF FF 02 3C 09 00 20 03 2D 00 03 08 84 D7 00 91 9F 12 25 15 01 00 01 00 00 01 00 DF B9 6A 10 03 
[16:10:40.280]收←◆10 02 00 50 11 00 01 00 05 00 38 00 67 01 00 01 20 20 20 20 00 00 00 00 00 08 00 00 00 00 00 00 00 00 00 00 00 08 84 D7 00 74 39 C0 05 82 02 27 66 00 00 00 06 02 FF FF 02 3C 09 00 20 03 2D 00 03 08 84 D7 00 91 9F 12 25 15 01 00 01 00 00 01 00 4E 26 0E 10 03 
[16:10:41.280]收←◆10 02 00 50 11 00 01 00 05 00 38 00 67 01 00 01 20 20 20 20 00 00 00 00 00 08 00 00 00 00 00 00 00 00 00 00 00 08 84 D7 00 74 39 C0 05 83 02 27 66 00 00 00 06 02 FF FF 02 3C 09 00 20 03 2D 00 03 08 84 D7 00 91 9F 12 25 15 01 00 01 00 00 01 00 BC 1D 18 10 03 
[16:10:42.280]收←◆10 02 00 50 11 00 01 00 05 00 38 00 67 01 00 01 20 20 20 20 00 00 00 00 00 08 00 00 00 00 00 00 00 00 00 00 00 08 84 D7 00 74 39 C0 05 84 02 27 66 00 00 00 06 02 FF FF 02 3C 09 00 20 03 2D 00 03 08 84 D7 00 91 9F 12 25 15 01 00 01 00 00 01 00 29 23 B7 10 03 
[16:10:43.280]收←◆10 02 00 50 11 00 01 00 05 00 38 00 67 01 00 01 20 20 20 20 00 00 00 00 00 08 00 00 00 00 00 00 00 00 00 00 00 08 84 D7 00 74 39 C0 05 85 02 27 66 00 00 00 06 02 FF FF 02 3C 09 00 20 03 2D 00 03 08 84 D7 00 91 9F 12 25 15 01 00 01 00 00 01 00 95 B1 AB 10 03 
[16:10:44.280]收←◆10 02 00 50 11 00 01 00 05 00 38 00 67 01 00 01 20 20 20 20 00 00 00 00 00 08 00 00 00 00 00 00 00 00 00 00 00 08 84 D7 00 74 39 C0 05 86 02 27 66 00 00 00 06 02 FF FF 02 3C 09 00 20 03 2D 00 03 08 84 D7 00 91 9F 12 25 15 01 00 01 00 00 01 00 00 6E 4B 10 03 
[16:10:45.280]收←◆10 02 00 50 11 00 01 00 05 00 38 00 67 01 00 01 20 20 20 20 00 00 00 00 00 08 00 00 00 00 00 00 00 00 00 00 00 08 84 D7 00 74 39 C0 05 87 02 27 66 00 00 00 06 02 FF FF 02 3C 09 00 20 03 2D 00 03 08 84 D7 00 91 9F 12 25 15 01 00 01 00 00 01 00 6A 57 EC 10 03 
[16:10:46.280]收←◆10 02 00 50 11 00 01 00 05 00 38 00 67 01 00 01 20 20 20 20 00 00 00 00 00 08 00 00 00 00 00 00 00 00 00 00 00 08 84 D7 00 74 39 C0 05 88 02 27 66 00 00 00 06 02 FF FF 02 3C 09 00 20 03 2D 00 03 08 84 D7 00 91 9F 12 25 15 01 00 01 00 00 01 00 D3 5E 12 10 03 
[16:10:47.280]收←◆10 02 00 50 11 00 01 00 05 00 38 00 67 01 00 01 20 20 20 20 00 00 00 00 00 08 00 00 00 00 00 00 00 00 00 00 00 08 84 D7 00 74 39 C0 05 89 02 27 66 00 00 00 06 02 FF FF 02 3C 09 00 20 03 2D 00 03 08 84 D7 00 91 9F 12 25 15 01 00 01 00 00 01 00 3B D6 7F 10 03 
[16:10:48.280]收←◆10 02 00 50 11 00 01 00 05 00 38 00 67 01 00 01 20 20 20 20 00 00 00 00 00 08 00 00 00 00 00 00 00 00 00 00 00 08 84 D7 00 74 39 C0 05 8A 02 27 66 00 00 00 06 02 FF FF 02 3C 09 00 20 03 2D 00 03 08 84 D7 00 91 9F 12 25 15 01 00 01 00 00 01 00 A2 C8 13 10 03 
[16:10:49.280]收←◆10 02 00 50 11 00 01 00 05 00 38 00 67 01 00 01 20 20 20 20 00 00 00 00 00 08 00 00 00 00 00 00 00 00 00 00 00 08 84 D7 00 74 39 C0 05 8B 02 27 66 00 00 00 06 02 FF FF 02 3C 09 00 20 03 2D 00 03 08 84 D7 00 91 9F 12 25 15 01 00 01 00 00 01 00 08 28 F8 10 03 
[16:10:50.280]收←◆10 02 00 50 11 00 01 00 05 00 38 00 67 01 00 01 20 20 20 20 00 00 00 00 00 08 00 00 00 00 00 00 00 00 00 00 00 08 84 D7 00 74 39 C0 05 8C 02 27 66 00 00 00 06 02 FF FF 02 3C 09 00 20 03 2D 00 03 08 84 D7 00 91 9F 12 25 15 01 00 01 00 00 01 00 6D F9 48 10 03 
[16:10:51.291]收←◆10 02 00 50 11 00 01 00 05 00 38 00 67 01 00 01 20 20 20 20 00 00 00 00 00 08 00 00 00 00 00 00 00 00 00 00 00 08 84 D7 00 74 39 C0 05 8D 02 27 66 00 00 00 06 02 FF FF 02 3C 09 00 20 03 2D 00 03 08 84 D7 00 91 9F 12 25 15 01 00 01 00 00 01 00 D1 6B 54 10 03 
[16:10:52.280]收←◆10 02 00 50 11 00 01 00 05 00 38 00 67 01 00 01 20 20 20 20 00 00 00 00 00 08 00 00 00 00 00 00 00 00 00 00 00 08 84 D7 00 74 39 C0 05 8E 02 27 66 00 00 00 06 02 FF FF 02 3C 09 00 20 03 2D 00 03 08 84 D7 00 91 9F 12 25 15 01 00 01 00 00 01 00 34 CA 23 10 03 
[16:10:53.281]收←◆10 02 00 50 11 00 01 00 05 00 38 00 67 01 00 01 20 20 20 20 00 00 00 00 00 08 00 00 00 00 00 00 00 00 00 00 00 08 84 D7 00 74 39 C0 05 8F 02 27 66 00 00 00 06 02 FF FF 02 3C 09 00 20 03 2D 00 03 08 84 D7 00 91 9F 12 25 15 01 00 01 00 00 01 00 96 AB C0 10 03 
[16:10:54.280]收←◆10 02 00 50 11 00 01 00 05 00 38 00 67 01 00 01 20 20 20 20 00 00 00 00 00 08 00 00 00 00 00 00 00 00 00 00 00 08 84 D7 00 74 39 C0 05 90 02 27 66 00 00 00 06 02 FF FF 02 3C 09 00 20 03 2D 00 03 08 84 D7 00 91 9F 12 25 15 01 00 01 00 00 01 00 F7 5D 14 10 03 
[16:10:55.280]收←◆10 02 00 50 11 00 01 00 05 00 38 00 67 01 00 01 20 20 20 20 00 00 00 00 00 08 00 00 00 00 00 00 00 00 00 00 00 08 84 D7 00 74 39 C0 05 91 02 27 66 00 00 00 06 02 FF FF 02 3C 09 00 20 03 2D 00 03 08 84 D7 00 91 9F 12 25 15 01 00 01 00 00 01 00 57 1C B5 10 03 
[16:10:56.281]收←◆10 02 00 50 11 00 01 00 05 00 38 00 67 01 00 01 20 20 20 20 00 00 00 00 00 08 00 00 00 00 00 00 00 00 00 00 00 08 84 D7 00 74 39 C0 05 92 02 27 66 00 00 00 06 02 FF FF 02 3C 09 00 20 03 2D 00 03 08 84 D7 00 91 9F 12 25 15 01 00 01 00 00 01 00 B6 FD 46 10 03 
[16:10:57.280]收←◆10 02 00 50 11 00 01 00 05 00 38 00 67 01 00 01 20 20 20 20 00 00 00 00 00 08 00 00 00 00 00 00 00 00 00 00 00 08 84 D7 00 74 39 C0 05 93 02 27 66 00 00 00 06 02 FF FF 02 3C 09 00 20 03 2D 00 03 08 84 D7 00 91 9F 12 25 15 01 00 01 00 00 01 00 14 9C A5 10 03 
[16:10:58.280]收←◆10 02 00 50 11 00 01 00 05 00 38 00 67 01 00 01 20 20 20 20 00 00 00 00 00 08 00 00 00 00 00 00 00 00 00 00 00 08 84 D7 00 74 39 C0 05 94 02 27 66 00 00 00 06 02 FF FF 02 3C 09 00 20 03 2D 00 03 08 84 D7 00 91 9F 12 25 15 01 00 01 00 00 01 00 71 4D 15 10 03 
[16:10:59.281]收←◆10 02 00 50 11 00 01 00 05 00 38 00 67 01 00 01 20 20 20 20 00 00 00 00 00 08 00 00 00 00 00 00 00 00 00 00 00 08 84 D7 00 74 39 C0 05 95 02 27 66 00 00 00 06 02 FF FF 02 3C 09 00 20 03 2D 00 03 08 84 D7 00 91 9F 12 25 15 01 00 01 00 00 01 00 CD DF 09 10 03 
[16:11:00.280]收←◆10 02 00 50 11 00 01 00 05 00 38 00 67 01 00 01 20 20 20 20 00 00 00 00 00 08 00 00 00 00 00 00 00 00 00 00 00 08 84 D7 00 74 39 C0 05 96 02 27 66 00 00 00 06 02 FF FF 02 3C 09 00 20 03 2D 00 03 08 84 D7 00 91 9F 12 25 15 01 00 01 00 00 01 00 28 7E 7E 10 03 